object={
	name="seagulls"
	clamp_to_water_level=yes
	render_under_water=no
	generated_content=no
	layer="monument_layer"
	entity="seagull_port_entity"
	count=383
	transform="1830.000000 0.000000 2405.000000 0.000000 0.154631 0.000000 0.987972 1.000000 1.000000 1.000000
1849.000000 0.000000 2390.000000 0.000000 0.050362 0.000000 1.053012 1.000000 1.000000 1.000000
1928.000000 0.000000 2340.000000 0.000000 0.471858 0.000000 0.581675 1.000000 1.000000 1.000000
1701.000000 0.000000 2485.000000 0.000000 -0.272343 0.000000 0.962200 1.000000 1.000000 1.000000
1644.000000 0.000000 2542.000000 0.000000 0.718200 0.000000 0.870870 1.000000 1.000000 1.000000
1874.000000 0.000000 2518.000000 0.000000 0.173503 0.000000 0.984833 1.000000 1.000000 1.000000
1949.000000 0.000000 2475.000000 0.000000 -0.923880 0.000000 0.182683 1.000000 1.000000 1.000000
1999.000000 0.000000 2323.000000 0.000000 -0.707107 0.000000 0.707107 1.000000 1.000000 1.000000
2015.000000 0.000000 2367.000000 0.000000 -0.437885 0.000000 0.346946 1.000000 1.000000 1.000000
2043.000000 0.000000 2381.000000 0.000000 -0.633989 0.000000 0.773342 1.000000 1.000000 1.000000
2129.000000 0.000000 2345.000000 0.000000 0.447214 0.000000 0.894427 1.000000 1.000000 1.000000
2050.000000 0.000000 2427.000000 0.000000 -0.856668 0.000000 0.966500 1.000000 1.000000 1.000000
1948.000000 0.000000 2161.000000 0.000000 -0.998765 0.000000 0.249813 1.000000 1.000000 1.000000
1986.000000 0.000000 2175.000000 0.000000 0.382683 0.000000 0.923880 1.000000 1.000000 1.000000
1969.000000 0.000000 2225.000000 0.000000 -0.646375 0.000000 0.763020 1.000000 1.000000 1.000000
2048.000000 0.000000 2260.000000 0.000000 0.983195 0.000000 0.182557 1.000000 1.000000 1.000000
1930.000000 0.000000 2154.000000 0.000000 -0.976534 0.000000 0.630075 1.000000 1.000000 1.000000
1913.000000 0.000000 2107.000000 0.000000 -0.600751 0.000000 0.799437 1.000000 1.000000 1.000000
1919.000000 0.000000 2059.000000 0.000000 -0.715623 0.000000 0.698487 1.000000 1.000000 1.000000
1824.000000 0.000000 2077.000000 0.000000 -0.591821 0.000000 0.806069 1.000000 1.000000 1.000000
1724.000000 0.000000 2132.000000 0.000000 0.157182 0.000000 0.987570 1.000000 1.000000 1.000000
1790.000000 0.000000 2164.000000 0.000000 0.554480 0.000000 0.832197 1.000000 1.000000 1.000000
1834.000000 0.000000 2554.000000 0.000000 -0.915022 0.000000 0.403403 1.000000 1.000000 1.000000
1788.000000 0.000000 2651.000000 0.000000 -0.945873 0.000000 0.324536 1.000000 1.000000 1.000000
1582.000000 0.000000 2627.000000 0.000000 -0.948684 0.000000 0.616228 1.000000 1.000000 1.000000
1571.000000 0.000000 2642.000000 0.000000 0.538954 0.000000 0.842335 1.000000 1.000000 1.000000
1531.000000 0.000000 2697.000000 0.000000 0.641752 0.000000 0.897137 1.000000 1.000000 1.000000
1710.000000 0.000000 2705.000000 0.000000 0.441752 0.000000 0.897137 1.000000 1.000000 1.000000
1702.000000 0.000000 2787.000000 0.000000 -0.940271 0.000000 0.640425 1.000000 1.000000 1.000000
1701.000000 0.000000 2733.000000 0.000000 -0.735882 0.000000 0.477109 1.000000 1.000000 1.000000
2968.000000 0.000000 2124.000000 0.000000 -0.767752 0.000000 0.640747 1.000000 1.000000 1.000000
3026.000000 0.000000 2197.000000 0.000000 -0.170672 0.000000 0.985328 1.000000 1.000000 1.000000
2985.000000 0.000000 2586.000000 0.000000 -0.130253 0.000000 0.991481 1.000000 1.000000 1.000000
3045.000000 0.000000 2652.000000 0.000000 0.816340 0.000000 0.577572 1.000000 1.000000 1.000000
2942.000000 0.000000 2569.000000 0.000000 0.940670 0.000000 0.339324 1.000000 1.000000 1.000000
2862.000000 0.000000 2560.000000 0.000000 -0.996678 0.000000 0.081451 1.000000 1.000000 1.000000
2806.000000 0.000000 2475.000000 0.000000 -0.995920 0.000000 0.090234 1.000000 1.000000 1.000000
2760.000000 0.000000 2466.000000 0.000000 0.999984 0.000000 -0.005681 1.000000 1.000000 1.000000
2646.978027 0.000000 2136.812256 0.000000 0.333512 0.000000 0.942746 1.000000 1.000000 1.000000
2841.000000 0.000000 2089.000000 0.000000 0.306976 0.000000 0.951717 1.000000 1.000000 1.000000
2601.000000 0.000000 2387.000000 0.000000 -0.564294 0.000000 0.825573 1.000000 1.000000 1.000000
2568.000000 0.000000 2290.000000 0.000000 -0.339368 0.000000 0.940654 1.000000 1.000000 1.000000
2715.000000 0.000000 2328.000000 0.000000 0.246522 0.000000 0.969137 1.000000 1.000000 1.000000
2785.072998 0.000000 2029.377075 0.000000 0.030839 0.000000 0.999524 1.000000 1.000000 1.000000
2693.216309 0.000000 2346.376709 0.000000 0.525630 0.000000 0.850713 1.000000 1.000000 1.000000
2663.000000 0.000000 2254.000000 0.000000 0.919780 0.000000 -0.392434 1.000000 1.000000 1.000000
2752.000000 0.000000 2248.000000 0.000000 0.265646 0.000000 0.964071 1.000000 1.000000 1.000000
3290.024414 0.000000 2090.718262 0.000000 0.566136 0.000000 0.824312 1.000000 1.000000 1.000000
3186.000000 0.000000 2037.000000 0.000000 -0.857121 0.000000 0.515115 1.000000 1.000000 1.000000
2795.513916 0.000000 2565.085938 0.000000 -0.027575 0.000000 0.999620 1.000000 1.000000 1.000000
2727.000000 0.000000 2498.000000 0.000000 0.977695 0.000000 -0.210034 1.000000 1.000000 1.000000
2687.551025 0.000000 2477.364746 0.000000 -0.618074 0.000000 0.786120 1.000000 1.000000 1.000000
2685.000000 0.000000 1970.000000 0.000000 0.098066 0.000000 0.995180 1.000000 1.000000 1.000000
2645.000000 0.000000 1995.000000 0.000000 0.036086 0.000000 0.999348 1.000000 1.000000 1.000000
2623.000000 0.000000 1957.000000 0.000000 -0.990828 0.000000 0.135126 1.000000 1.000000 1.000000
2570.000000 0.000000 2492.000000 0.000000 -0.277564 0.000000 0.960707 1.000000 1.000000 1.000000
2501.000000 0.000000 2456.000000 0.000000 0.024089 0.000000 0.999710 1.000000 1.000000 1.000000
2558.000000 0.000000 1998.000000 0.000000 0.908513 0.000000 0.417857 1.000000 1.000000 1.000000
2421.000000 0.000000 2431.000000 0.000000 0.364435 0.000000 0.931229 1.000000 1.000000 1.000000
2405.000000 0.000000 2457.000000 0.000000 -0.592030 0.000000 0.805916 1.000000 1.000000 1.000000
2443.000000 0.000000 2321.000000 0.000000 -0.559196 0.000000 0.829035 1.000000 1.000000 1.000000
2424.090820 0.000000 2280.673340 0.000000 -0.615412 0.000000 0.788205 1.000000 1.000000 1.000000
2461.000000 0.000000 2282.000000 0.000000 0.000000 0.000000 1.000000 1.000000 1.000000 1.000000
2487.000000 0.000000 2257.000000 0.000000 -0.975703 0.000000 0.219098 1.000000 1.000000 1.000000
2511.421631 0.000000 2248.676758 0.000000 -0.031060 0.000000 0.999518 1.000000 1.000000 1.000000
2510.000000 0.000000 2207.000000 0.000000 0.401944 0.000000 0.915664 1.000000 1.000000 1.000000
2486.000000 0.000000 2207.000000 0.000000 0.000000 0.000000 1.000000 1.000000 1.000000 1.000000
2452.000000 0.000000 2204.000000 0.000000 -0.966303 0.000000 -0.257412 1.000000 1.000000 1.000000
2195.000000 0.000000 2397.000000 0.000000 -0.970889 0.000000 -0.974840 1.000000 1.000000 1.000000
2482.000000 0.000000 2089.000000 0.000000 0.573005 0.000000 0.819551 1.000000 1.000000 1.000000
2449.000000 0.000000 2096.000000 0.000000 0.573005 0.000000 0.819551 1.000000 1.000000 1.000000
2403.661865 0.000000 2109.605713 0.000000 -0.340425 0.000000 0.940272 1.000000 1.000000 1.000000
2369.755371 0.000000 2214.858887 0.000000 0.838384 0.000000 0.545079 1.000000 1.000000 1.000000
2462.000000 0.000000 2164.000000 0.000000 -0.302214 0.000000 0.953240 1.000000 1.000000 1.000000
2478.000000 0.000000 2185.000000 0.000000 -0.856586 0.000000 0.516004 1.000000 1.000000 1.000000
2496.000000 0.000000 2189.000000 0.000000 -0.500000 0.000000 0.536050 1.000000 1.000000 1.000000
2655.000000 0.000000 2084.000000 0.000000 -0.179920 0.000000 0.983682 1.000000 1.000000 1.000000
2363.000000 0.000000 2225.000000 0.000000 -0.288861 0.000000 0.957371 1.000000 1.000000 1.000000
2298.000000 0.000000 2243.000000 0.000000 -0.251669 0.000000 0.451073 1.000000 1.000000 1.000000
2299.898682 0.000000 2283.322266 0.000000 0.201220 0.000000 -0.252597 1.000000 1.000000 1.000000
2323.000000 0.000000 2282.000000 0.000000 -0.211336 0.000000 0.977413 1.000000 1.000000 1.000000
2237.468994 0.000000 2316.373779 0.000000 -0.513279 0.000000 0.858222 1.000000 1.000000 1.000000
2708.000000 0.000000 2650.000000 0.000000 0.962915 0.000000 0.269803 1.000000 1.000000 1.000000
3281.000000 0.000000 1618.000000 0.000000 -0.989792 0.000000 -0.142520 1.000000 1.000000 1.000000
3182.000000 0.000000 1640.000000 0.000000 0.874643 0.000000 0.484769 1.000000 1.000000 1.000000
3266.516357 0.000000 1725.740479 0.000000 -0.910099 0.000000 0.414390 1.000000 1.000000 1.000000
3049.000000 0.000000 1685.000000 0.000000 0.564698 0.000000 0.825298 1.000000 1.000000 1.000000
3113.000000 0.000000 1693.000000 0.000000 -0.419996 0.000000 0.907526 1.000000 1.000000 1.000000
3129.000000 0.000000 1676.000000 0.000000 0.458449 0.000000 -0.888721 1.000000 1.000000 1.000000
3161.978516 0.000000 1705.517700 0.000000 0.999679 0.000000 -0.025331 1.000000 1.000000 1.000000
3185.634033 0.000000 1734.736694 0.000000 -0.948647 0.000000 0.316336 1.000000 1.000000 1.000000
3073.000000 0.000000 1705.000000 0.000000 0.925140 0.000000 -0.379625 1.000000 1.000000 1.000000
3174.000000 0.000000 1614.000000 0.000000 -0.790292 0.000000 0.612730 1.000000 1.000000 1.000000
3523.000000 0.000000 1296.000000 0.000000 0.834841 0.000000 0.550491 1.000000 1.000000 1.000000
3641.000000 0.000000 1144.000000 0.000000 0.763020 0.000000 0.646375 1.000000 1.000000 1.000000
3383.000000 0.000000 1786.000000 0.000000 0.999756 0.000000 0.022078 1.000000 1.000000 1.000000
3402.000000 0.000000 1858.000000 0.000000 -0.508373 0.000000 0.861137 1.000000 1.000000 1.000000
3400.513916 0.000000 1911.326904 0.000000 -0.045851 0.000000 0.998949 1.000000 1.000000 1.000000
3467.000000 0.000000 1628.000000 0.000000 0.661803 0.000000 0.749678 1.000000 1.000000 1.000000
3477.309570 0.000000 1531.552734 0.000000 0.677109 0.000000 0.735882 1.000000 1.000000 1.000000
3408.000000 0.000000 1962.000000 0.000000 0.679450 0.000000 0.733722 1.000000 1.000000 1.000000
3414.000000 0.000000 1992.000000 0.000000 0.923879 0.000000 0.382683 1.000000 1.000000 1.000000
3421.000000 0.000000 2037.000000 0.000000 0.445444 0.000000 0.895310 1.000000 1.000000 1.000000
3431.000000 0.000000 2077.000000 0.000000 0.132733 0.000000 0.991152 1.000000 1.000000 1.000000
3423.000000 0.000000 2107.000000 0.000000 0.541386 0.000000 0.840774 1.000000 1.000000 1.000000
3403.000000 0.000000 2162.000000 0.000000 0.000000 0.000000 1.000000 1.000000 1.000000 1.000000
3397.000000 0.000000 2216.000000 0.000000 0.364057 0.000000 0.931377 1.000000 1.000000 1.000000
4094.000000 0.000000 2145.000000 0.000000 0.000000 0.000000 1.000000 1.000000 1.000000 1.000000
4077.000000 0.000000 2088.000000 0.000000 0.000000 0.000000 1.000000 1.000000 1.000000 1.000000
4344.000000 0.000000 2050.000000 0.000000 -0.547732 0.000000 0.836654 1.000000 1.000000 1.000000
4462.000000 0.000000 1940.000000 0.000000 -0.661213 0.000000 0.750198 1.000000 1.000000 1.000000
4454.000000 0.000000 1957.000000 0.000000 -0.609236 0.000000 0.792989 1.000000 1.000000 1.000000
1101.000000 0.000000 2519.000000 0.000000 -0.326865 0.000000 0.945071 1.000000 1.000000 1.000000
1100.000000 0.000000 2553.000000 0.000000 -0.452016 0.000000 0.892010 1.000000 1.000000 1.000000
1023.000000 0.000000 2463.000000 0.000000 0.999009 0.000000 -0.044515 1.000000 1.000000 1.000000
925.163513 0.000000 2428.742676 0.000000 -0.547349 0.000000 0.836905 1.000000 1.000000 1.000000
782.000000 0.000000 2675.000000 0.000000 -0.320202 0.000000 0.947349 1.000000 1.000000 1.000000
852.000000 0.000000 2332.000000 0.000000 -0.782579 0.000000 0.622551 1.000000 1.000000 1.000000
867.000000 0.000000 2243.000000 0.000000 -0.364140 0.000000 0.931344 1.000000 1.000000 1.000000
845.000000 0.000000 2283.000000 0.000000 -0.852210 0.000000 0.523202 1.000000 1.000000 1.000000
825.000000 0.000000 2218.000000 0.000000 0.999411 0.000000 0.034321 1.000000 1.000000 1.000000
792.000000 0.000000 2160.000000 0.000000 0.998462 0.000000 0.055448 1.000000 1.000000 1.000000
697.000000 0.000000 2683.000000 0.000000 0.998060 0.000000 -0.062266 1.000000 1.000000 1.000000
609.000000 0.000000 2699.000000 0.000000 0.426618 0.000000 0.904432 1.000000 1.000000 1.000000
539.432007 0.000000 2723.376221 0.000000 0.783833 0.000000 0.620972 1.000000 1.000000 1.000000
359.165985 0.000000 2744.986084 0.000000 0.769157 0.000000 0.639059 1.000000 1.000000 1.000000
295.952240 0.000000 2677.821289 0.000000 -0.322006 0.000000 0.946738 1.000000 1.000000 1.000000
298.000000 0.000000 2620.000000 0.000000 -0.479188 0.000000 0.877712 1.000000 1.000000 1.000000
883.000000 0.000000 2372.000000 0.000000 -0.593338 0.000000 0.804953 1.000000 1.000000 1.000000
725.000000 0.000000 2135.000000 0.000000 0.073176 0.000000 0.997319 1.000000 1.000000 1.000000
711.000000 0.000000 2114.000000 0.000000 0.160182 0.000000 0.987087 1.000000 1.000000 1.000000
676.000000 0.000000 2097.000000 0.000000 0.698997 0.000000 0.715125 1.000000 1.000000 1.000000
620.000000 0.000000 2097.000000 0.000000 0.844273 0.000000 0.535913 1.000000 1.000000 1.000000
298.000000 0.000000 2542.000000 0.000000 0.688781 0.000000 0.724970 1.000000 1.000000 1.000000
267.000000 0.000000 2455.000000 0.000000 0.000000 0.000000 1.000000 1.000000 1.000000 1.000000
219.000000 0.000000 2320.000000 0.000000 0.806751 0.000000 0.590891 1.000000 1.000000 1.000000
205.000000 0.000000 2340.000000 0.000000 0.372919 0.000000 0.927864 1.000000 1.000000 1.000000
234.000000 0.000000 2252.000000 0.000000 -0.084855 0.000000 0.996393 1.000000 1.000000 1.000000
277.374664 0.000000 2173.579590 0.000000 0.608850 0.000000 0.793286 1.000000 1.000000 1.000000
394.000000 0.000000 2154.000000 0.000000 0.247127 0.000000 0.968983 1.000000 1.000000 1.000000
385.000000 0.000000 2124.000000 0.000000 -0.433097 0.000000 0.901347 1.000000 1.000000 1.000000
396.000000 0.000000 2112.000000 0.000000 -0.041559 0.000000 0.999136 1.000000 1.000000 1.000000
440.000000 0.000000 2059.000000 0.000000 0.004952 0.000000 -0.999988 1.000000 1.000000 1.000000
460.000000 0.000000 2077.000000 0.000000 0.089806 0.000000 0.995959 1.000000 1.000000 1.000000
532.000000 0.000000 2106.000000 0.000000 0.952295 0.000000 0.305177 1.000000 1.000000 1.000000
2816.000000 0.000000 2529.000000 0.000000 0.447214 0.000000 0.894427 1.000000 1.000000 1.000000
1044.000000 0.000000 2304.000000 0.000000 0.323173 0.000000 0.946340 1.000000 1.000000 1.000000
1141.000000 0.000000 2345.000000 0.000000 0.720213 0.000000 0.693753 1.000000 1.000000 1.000000
1691.000000 0.000000 2042.000000 0.000000 0.973249 0.000000 0.229753 1.000000 1.000000 1.000000
3628.000000 0.000000 2844.000000 0.000000 -0.985552 0.000000 0.169363 1.000000 1.000000 1.000000
3639.000000 0.000000 2798.000000 0.000000 0.331007 0.000000 0.943628 1.000000 1.000000 1.000000
3584.000000 0.000000 2727.000000 0.000000 0.471858 0.000000 0.881675 1.000000 1.000000 1.000000
3521.000000 0.000000 2710.000000 0.000000 -0.984834 0.000000 0.173503 1.000000 1.000000 1.000000
3581.000000 0.000000 2888.000000 0.000000 0.977335 0.000000 0.211700 1.000000 1.000000 1.000000
3512.649658 0.000000 2907.066895 0.000000 -0.923879 0.000000 0.382683 1.000000 1.000000 1.000000
3389.000000 0.000000 2670.000000 0.000000 0.992508 0.000000 0.122183 1.000000 1.000000 1.000000
3320.000000 0.000000 2671.000000 0.000000 -0.305731 0.000000 0.952119 1.000000 1.000000 1.000000
3216.000000 0.000000 2702.000000 0.000000 -0.109117 0.000000 0.994029 1.000000 1.000000 1.000000
3140.000000 0.000000 2692.000000 0.000000 0.000000 0.000000 1.000000 1.000000 1.000000 1.000000
2640.000000 0.000000 2181.000000 0.000000 -0.584710 0.000000 0.811242 1.000000 1.000000 1.000000
3386.000000 0.000000 2288.000000 0.000000 0.196116 0.000000 0.980581 1.000000 1.000000 1.000000
3358.092773 0.000000 2250.795654 0.000000 0.047898 0.000000 0.998852 1.000000 1.000000 1.000000
3273.000000 0.000000 2227.000000 0.000000 -0.666921 0.000000 0.745128 1.000000 1.000000 1.000000
3145.000000 0.000000 2163.000000 0.000000 -0.250841 0.000000 0.968028 1.000000 1.000000 1.000000
2767.000000 0.000000 2192.000000 0.000000 0.133421 0.000000 0.991060 1.000000 1.000000 1.000000
2702.782227 0.000000 2210.559570 0.000000 -0.426006 0.000000 0.904720 1.000000 1.000000 1.000000
2805.000000 0.000000 2168.000000 0.000000 -0.398263 0.000000 0.917271 1.000000 1.000000 1.000000
2899.000000 0.000000 2160.000000 0.000000 -0.270146 0.000000 0.962819 1.000000 1.000000 1.000000
2716.000000 0.000000 2109.000000 0.000000 0.999045 0.000000 -0.043700 1.000000 1.000000 1.000000
756.000000 0.000000 3334.000000 0.000000 -0.269940 0.000000 0.962877 1.000000 1.000000 1.000000
819.000000 0.000000 3335.000000 0.000000 -0.664384 0.000000 0.747391 1.000000 1.000000 1.000000
787.000000 0.000000 3394.000000 0.000000 0.718149 0.000000 -0.695889 1.000000 1.000000 1.000000
918.000000 0.000000 3334.000000 0.000000 0.974126 0.000000 0.226007 1.000000 1.000000 1.000000
1034.000000 0.000000 3354.000000 0.000000 -0.078663 0.000000 -0.996901 1.000000 1.000000 1.000000
1011.000000 0.000000 3395.000000 0.000000 0.998297 0.000000 -0.058336 1.000000 1.000000 1.000000
1011.000000 0.000000 3533.000000 0.000000 0.901800 0.000000 0.432154 1.000000 1.000000 1.000000
805.132446 0.000000 3422.948486 0.000000 -0.301916 0.000000 0.953335 1.000000 1.000000 1.000000
809.000000 0.000000 3600.000000 0.000000 0.909269 0.000000 0.416208 1.000000 1.000000 1.000000
823.000000 0.000000 3647.000000 0.000000 0.430781 0.000000 0.902456 1.000000 1.000000 1.000000
994.000000 0.000000 3599.000000 0.000000 0.000000 0.000000 1.000000 1.000000 1.000000 1.000000
816.000000 0.000000 3740.000000 0.000000 0.999701 0.000000 0.024445 1.000000 1.000000 1.000000
719.647461 0.000000 3453.791748 0.000000 -0.951958 0.000000 0.306229 1.000000 1.000000 1.000000
733.000000 0.000000 3673.000000 0.000000 -0.739192 0.000000 0.673494 1.000000 1.000000 1.000000
725.000000 0.000000 3766.000000 0.000000 0.824645 0.000000 0.565651 1.000000 1.000000 1.000000
840.000000 0.000000 3844.000000 0.000000 0.995127 0.000000 0.098605 1.000000 1.000000 1.000000
915.000000 0.000000 3951.000000 0.000000 0.233734 0.000000 0.972300 1.000000 1.000000 1.000000
719.479614 0.000000 3914.456055 0.000000 -0.965463 0.000000 0.260542 1.000000 1.000000 1.000000
860.000000 0.000000 3241.000000 0.000000 0.000000 0.000000 1.000000 1.000000 1.000000 1.000000
749.000000 0.000000 3061.000000 0.000000 0.986209 0.000000 0.165505 1.000000 1.000000 1.000000
660.000000 0.000000 3144.000000 0.000000 0.080616 0.000000 0.996745 1.000000 1.000000 1.000000
785.673523 0.000000 3027.868408 0.000000 0.000000 0.000000 1.000000 1.000000 1.000000 1.000000
744.000000 0.000000 3178.000000 0.000000 0.895233 0.000000 -0.445598 1.000000 1.000000 1.000000
503.000000 0.000000 3493.000000 0.000000 0.821116 0.000000 0.570761 1.000000 1.000000 1.000000
575.672546 0.000000 3512.493652 0.000000 -0.571368 0.000000 0.820693 1.000000 1.000000 1.000000
648.000000 0.000000 3640.000000 0.000000 -0.098538 0.000000 0.995133 1.000000 1.000000 1.000000
821.269348 0.000000 3022.314209 0.000000 0.311123 0.000000 0.950370 1.000000 1.000000 1.000000
873.000000 0.000000 2796.000000 0.000000 0.289784 0.000000 0.357092 1.000000 1.000000 1.000000
822.000000 0.000000 2749.000000 0.000000 0.838232 0.000000 0.545313 1.000000 1.000000 1.000000
1098.000000 0.000000 2614.000000 0.000000 0.717135 0.000000 0.696934 1.000000 1.000000 1.000000
1161.000000 0.000000 2656.000000 0.000000 0.947770 0.000000 0.318955 1.000000 1.000000 1.000000
1205.000000 0.000000 2677.000000 0.000000 -0.836514 0.000000 0.547945 1.000000 1.000000 1.000000
1255.000000 0.000000 2620.000000 0.000000 0.996647 0.000000 0.081816 1.000000 1.000000 1.000000
2193.000000 0.000000 2511.000000 0.000000 -0.924160 0.000000 -0.382005 1.000000 1.000000 1.000000
957.695984 0.000000 3219.531494 0.000000 -0.939758 0.000000 0.341841 1.000000 1.000000 1.000000
1055.000000 0.000000 3312.000000 0.000000 0.973249 0.000000 0.229753 1.000000 1.000000 1.000000
1034.000000 0.000000 3258.000000 0.000000 0.957092 0.000000 0.289784 1.000000 1.000000 1.000000
988.000000 0.000000 3593.000000 0.000000 -0.983648 0.000000 0.180102 1.000000 1.000000 1.000000
415.000000 0.000000 2042.000000 0.000000 0.993901 0.000000 0.110275 1.000000 1.000000 1.000000
320.000000 0.000000 1903.000000 0.000000 0.930337 0.000000 0.366705 1.000000 1.000000 1.000000
629.773743 0.000000 1952.526367 0.000000 -0.998984 0.000000 0.045314 1.000000 1.000000 1.000000
711.000000 0.000000 1952.000000 0.000000 -0.877712 0.000000 0.479188 1.000000 1.000000 1.000000
787.468811 0.000000 1988.988770 0.000000 0.993578 0.000000 0.113156 1.000000 1.000000 1.000000
820.000000 0.000000 1990.000000 0.000000 -0.962995 0.000000 0.269519 1.000000 1.000000 1.000000
936.000000 0.000000 2047.000000 0.000000 0.998765 0.000000 0.049813 1.000000 1.000000 1.000000
868.000000 0.000000 2024.000000 0.000000 -0.983954 0.000000 0.178425 1.000000 1.000000 1.000000
1015.000000 0.000000 2044.000000 0.000000 -0.788154 0.000000 0.615478 1.000000 1.000000 1.000000
1060.000000 0.000000 2056.000000 0.000000 0.998765 0.000000 0.049813 1.000000 1.000000 1.000000
1108.000000 0.000000 2066.000000 0.000000 0.976289 0.000000 0.216472 1.000000 1.000000 1.000000
1199.000000 0.000000 2051.000000 0.000000 -0.738423 0.000000 0.874338 1.000000 1.000000 1.000000
1236.000000 0.000000 2046.000000 0.000000 -0.560629 0.000000 0.828067 1.000000 1.000000 1.000000
1263.000000 0.000000 2052.000000 0.000000 0.828067 0.000000 0.310629 1.000000 1.000000 1.000000
1395.986450 0.000000 2052.189697 0.000000 -0.658725 0.000000 0.752384 1.000000 1.000000 1.000000
1334.000000 0.000000 2054.000000 0.000000 -0.963425 0.000000 0.267976 1.000000 1.000000 1.000000
1463.000000 0.000000 2059.000000 0.000000 -0.913500 0.000000 0.006839 1.000000 1.000000 1.000000
1587.000000 0.000000 1984.000000 0.000000 -0.861871 0.000000 0.907128 1.000000 1.000000 1.000000
1613.000000 0.000000 2015.000000 0.000000 -0.622551 0.000000 0.782579 1.000000 1.000000 1.000000
1609.000000 0.000000 2056.000000 0.000000 -0.191092 0.000000 0.981572 1.000000 1.000000 1.000000
1576.953613 0.000000 2048.030273 0.000000 -0.945650 0.000000 0.325186 1.000000 1.000000 1.000000
1547.000000 0.000000 2083.000000 0.000000 0.782986 0.000000 0.622039 1.000000 1.000000 1.000000
1603.000000 0.000000 1953.000000 0.000000 -0.900157 0.000000 0.435565 1.000000 1.000000 1.000000
1629.000000 0.000000 1924.000000 0.000000 -0.989789 0.000000 0.142539 1.000000 1.000000 1.000000
1634.000000 0.000000 1901.000000 0.000000 -0.923880 0.000000 0.382683 1.000000 1.000000 1.000000
1589.000000 0.000000 1840.000000 0.000000 2.000000 0.000000 0.000000 1.000000 1.000000 1.000000
1566.000000 0.000000 1779.000000 0.000000 2.800000 0.000000 1.000000 1.000000 1.000000 1.000000
1607.000000 0.000000 1781.000000 0.000000 0.590253 0.000000 0.807219 1.000000 1.000000 1.000000
1636.000000 0.000000 1742.000000 0.000000 0.911327 0.000000 0.411685 1.000000 1.000000 1.000000
1800.000000 0.000000 1702.000000 0.000000 0.992076 0.000000 0.125636 1.000000 1.000000 1.000000
1944.000000 0.000000 1662.000000 0.000000 0.999572 0.000000 0.029374 1.000000 1.000000 1.000000
2058.000000 0.000000 1566.000000 0.000000 -0.781544 0.000000 0.623851 1.000000 1.000000 1.000000
2231.000000 0.000000 1501.000000 0.000000 -0.907420 0.000000 0.420224 1.000000 1.000000 1.000000
2320.000000 0.000000 1593.000000 0.000000 -0.948684 0.000000 0.316228 1.000000 1.000000 1.000000
2333.000000 0.000000 1699.000000 0.000000 0.000000 0.000000 1.000000 1.000000 1.000000 1.000000
2386.000000 0.000000 1732.000000 0.000000 0.763020 0.000000 0.646375 1.000000 1.000000 1.000000
2435.000000 0.000000 1749.000000 0.000000 -0.730246 0.000000 0.683184 1.000000 1.000000 1.000000
2536.606934 0.000000 1721.539551 0.000000 0.098538 0.000000 0.995133 1.000000 1.000000 1.000000
2689.000000 0.000000 1685.000000 0.000000 0.382683 0.000000 0.223880 1.000000 1.000000 1.000000
2867.000000 0.000000 1672.000000 0.000000 -0.250841 0.000000 0.368028 1.000000 1.000000 1.000000
1451.000000 0.000000 2243.000000 0.000000 0.000000 0.000000 1.000000 1.000000 1.000000 1.000000
1447.000000 0.000000 2347.000000 0.000000 -0.409656 0.000000 0.912240 1.000000 1.000000 1.000000
1528.000000 0.000000 2407.000000 0.000000 -0.573697 0.000000 0.819067 1.000000 1.000000 1.000000
1482.000000 0.000000 2460.000000 0.000000 -0.098538 0.000000 0.995133 1.000000 1.000000 1.000000
1457.000000 0.000000 2528.000000 0.000000 -0.315096 0.000000 0.949060 1.000000 1.000000 1.000000
1514.000000 0.000000 2501.000000 0.000000 -0.319324 0.000000 0.947645 1.000000 1.000000 1.000000
1288.000000 0.000000 2609.000000 0.000000 0.987538 0.000000 -0.157383 1.000000 1.000000 1.000000
1366.000000 0.000000 2651.000000 0.000000 0.999697 0.000000 -0.024600 1.000000 1.000000 1.000000
1435.000000 0.000000 2683.000000 0.000000 0.000000 0.000000 1.000000 1.000000 1.000000 1.000000
1469.000000 0.000000 2722.000000 0.000000 0.978105 0.000000 -0.208113 1.000000 1.000000 1.000000
1731.000000 0.000000 2828.000000 0.000000 0.805358 0.000000 0.592789 1.000000 1.000000 1.000000
1772.000000 0.000000 2842.000000 0.000000 0.878920 0.000000 0.476969 1.000000 1.000000 1.000000
1447.000000 0.000000 3234.000000 0.000000 0.870896 0.000000 0.491468 1.000000 1.000000 1.000000
1340.000000 0.000000 3399.000000 0.000000 -0.948139 0.000000 0.317855 1.000000 1.000000 1.000000
1374.000000 0.000000 3554.000000 0.000000 0.850501 0.000000 0.525973 1.000000 1.000000 1.000000
1451.115601 0.000000 3554.551270 0.000000 0.827226 0.000000 0.561870 1.000000 1.000000 1.000000
1163.000000 0.000000 3373.000000 0.000000 0.240316 0.000000 0.970695 1.000000 1.000000 1.000000
1231.000000 0.000000 3451.000000 0.000000 0.898604 0.000000 0.438761 1.000000 1.000000 1.000000
1472.275757 0.000000 3594.068359 0.000000 -0.829005 0.000000 0.559242 1.000000 1.000000 1.000000
1600.000000 0.000000 3608.000000 0.000000 -0.711679 0.000000 0.702505 1.000000 1.000000 1.000000
1458.000000 0.000000 3692.000000 0.000000 -0.480751 0.000000 0.876857 1.000000 1.000000 1.000000
1450.000000 0.000000 3806.000000 0.000000 -0.916634 0.000000 0.399728 1.000000 1.000000 1.000000
1575.000000 0.000000 3815.000000 0.000000 0.400639 0.000000 0.953738 1.000000 1.000000 1.000000
1467.000000 0.000000 3894.000000 0.000000 0.382579 0.000000 0.922551 1.000000 1.000000 1.000000
1582.000000 0.000000 3940.000000 0.000000 -0.060597 0.000000 -0.152722 1.000000 1.000000 1.000000
1596.000000 0.000000 3718.000000 0.000000 -0.008521 0.000000 -0.098286 1.000000 1.000000 1.000000
1677.000000 0.000000 3757.000000 0.000000 0.471858 0.000000 0.881675 1.000000 1.000000 1.000000
1743.953003 0.000000 3635.161377 0.000000 -0.550945 0.000000 0.834542 1.000000 1.000000 1.000000
1797.000000 0.000000 2767.000000 0.000000 -0.673717 0.000000 0.738989 1.000000 1.000000 1.000000
1869.000000 0.000000 2704.000000 0.000000 0.226948 0.000000 0.973907 1.000000 1.000000 1.000000
1956.490845 0.000000 2651.793701 0.000000 0.367805 0.000000 0.929903 1.000000 1.000000 1.000000
2082.000000 0.000000 2588.000000 0.000000 0.999469 0.000000 0.032583 1.000000 1.000000 1.000000
2148.000000 0.000000 2549.000000 0.000000 0.927753 0.000000 -0.373195 1.000000 1.000000 1.000000
2731.000000 0.000000 2721.000000 0.000000 0.886823 0.000000 0.462110 1.000000 1.000000 1.000000
2758.000000 0.000000 2778.000000 0.000000 -0.512787 0.000000 0.858516 1.000000 1.000000 1.000000
5956.143555 0.000000 2538.519287 0.000000 -0.560629 0.000000 0.828067 1.000000 1.000000 1.000000
6015.765137 0.000000 2720.085938 0.000000 -0.333733 0.000000 0.942668 1.000000 1.000000 1.000000
7115.000000 0.000000 3197.000000 0.000000 0.110977 0.000000 0.993823 1.000000 1.000000 1.000000
7316.000000 0.000000 3295.000000 0.000000 0.140075 0.000000 0.990141 1.000000 1.000000 1.000000
2757.875732 0.000000 2846.962158 0.000000 -0.160182 0.000000 0.987087 1.000000 1.000000 1.000000
2763.000000 0.000000 2888.000000 0.000000 0.735882 0.000000 0.677109 1.000000 1.000000 1.000000
2783.000000 0.000000 2935.000000 0.000000 -0.613481 0.000000 0.789709 1.000000 1.000000 1.000000
2843.000000 0.000000 3011.000000 0.000000 0.161822 0.000000 0.986820 1.000000 1.000000 1.000000
2914.000000 0.000000 3069.000000 0.000000 0.379524 0.000000 0.925182 1.000000 1.000000 1.000000
3024.000000 0.000000 3040.000000 0.000000 0.134419 0.000000 0.990925 1.000000 1.000000 1.000000
3037.000000 0.000000 2962.000000 0.000000 0.118010 0.000000 0.993012 1.000000 1.000000 1.000000
3055.000000 0.000000 2919.000000 0.000000 0.386375 0.000000 0.922342 1.000000 1.000000 1.000000
3164.000000 0.000000 2975.000000 0.000000 0.131817 0.000000 0.991274 1.000000 1.000000 1.000000
3244.000000 0.000000 3025.000000 0.000000 0.000000 0.000000 1.000000 1.000000 1.000000 1.000000
3293.000000 0.000000 2987.000000 0.000000 0.507979 0.000000 0.861369 1.000000 1.000000 1.000000
3691.000000 0.000000 1342.000000 0.000000 0.863596 0.000000 0.504185 1.000000 1.000000 1.000000
3840.000000 0.000000 1224.000000 0.000000 -0.022703 0.000000 0.999742 1.000000 1.000000 1.000000
3972.000000 0.000000 1049.000000 0.000000 0.000000 0.000000 1.000000 1.000000 1.000000 1.000000
4135.000000 0.000000 930.000000 0.000000 -0.356883 0.000000 0.934149 1.000000 1.000000 1.000000
4240.000000 0.000000 829.000000 0.000000 -0.458565 0.000000 0.888661 1.000000 1.000000 1.000000
4431.000000 0.000000 672.000000 0.000000 -0.862084 0.000000 0.506765 1.000000 1.000000 1.000000
4500.247559 0.000000 521.062134 0.000000 -0.259979 0.000000 0.965614 1.000000 1.000000 1.000000
4617.000000 0.000000 380.000000 0.000000 0.937943 0.000000 -0.346789 1.000000 1.000000 1.000000
4715.018555 0.000000 417.641083 0.000000 0.971109 0.000000 0.238637 1.000000 1.000000 1.000000
4840.000000 0.000000 529.000000 0.000000 0.269984 0.000000 0.962865 1.000000 1.000000 1.000000
5022.000000 0.000000 707.000000 0.000000 0.000000 0.000000 1.000000 1.000000 1.000000 1.000000
5236.000000 0.000000 933.000000 0.000000 0.000000 0.000000 1.000000 1.000000 1.000000 1.000000
5358.000000 0.000000 1108.000000 0.000000 -0.277498 0.000000 0.960726 1.000000 1.000000 1.000000
2024.138428 0.000000 3687.644775 0.000000 -0.376077 0.000000 0.926588 1.000000 1.000000 1.000000
1796.000000 0.000000 3605.000000 0.000000 0.000000 0.000000 1.000000 1.000000 1.000000 1.000000
4520.791016 0.000000 2032.386230 0.000000 -0.145946 0.000000 0.989293 1.000000 1.000000 1.000000
4658.000000 0.000000 1988.000000 0.000000 -0.392502 0.000000 0.919751 1.000000 1.000000 1.000000
4816.000000 0.000000 1918.000000 0.000000 -0.282464 0.000000 0.959278 1.000000 1.000000 1.000000
5139.000000 0.000000 2019.000000 0.000000 -0.192696 0.000000 0.981259 1.000000 1.000000 1.000000
5095.000000 0.000000 1951.000000 0.000000 -0.334548 0.000000 0.942379 1.000000 1.000000 1.000000
1712.000000 0.000000 3742.000000 0.000000 0.999801 0.000000 -0.019967 1.000000 1.000000 1.000000
1807.845825 0.000000 3805.548340 0.000000 0.964251 0.000000 0.264990 1.000000 1.000000 1.000000
1909.765991 0.000000 3865.716797 0.000000 0.000000 0.000000 1.000000 1.000000 1.000000 1.000000
2003.000000 0.000000 3931.000000 0.000000 0.998489 0.000000 0.054960 1.000000 1.000000 1.000000
1975.000000 0.000000 4101.000000 0.000000 0.839780 0.000000 -0.542926 1.000000 1.000000 1.000000
1564.000000 0.000000 4094.000000 0.000000 -0.155434 0.000000 0.987846 1.000000 1.000000 1.000000
184.000000 0.000000 1854.000000 0.000000 -0.417197 0.000000 0.908816 1.000000 1.000000 1.000000
121.000000 0.000000 1807.000000 0.000000 -0.953740 0.000000 0.300631 1.000000 1.000000 1.000000
5918.000000 0.000000 2265.000000 0.000000 0.197186 0.000000 0.980366 1.000000 1.000000 1.000000
6250.000000 0.000000 2154.000000 0.000000 -0.088750 0.000000 0.996054 1.000000 1.000000 1.000000
6020.000000 0.000000 2371.000000 0.000000 0.591317 0.000000 0.806440 1.000000 1.000000 1.000000
6425.000000 0.000000 2103.000000 0.000000 0.143364 0.000000 0.989670 1.000000 1.000000 1.000000
6049.741211 0.000000 2267.899902 0.000000 0.683379 0.000000 0.730064 1.000000 1.000000 1.000000
6487.000000 0.000000 2254.000000 0.000000 0.298073 0.000000 0.954543 1.000000 1.000000 1.000000
6163.000000 0.000000 2193.000000 0.000000 0.454981 0.000000 0.890501 1.000000 1.000000 1.000000
6024.000000 0.000000 2263.000000 0.000000 0.356712 0.000000 0.934214 1.000000 1.000000 1.000000
6528.000000 0.000000 2250.000000 0.000000 0.381500 0.000000 0.924369 1.000000 1.000000 1.000000
6565.000000 0.000000 2226.000000 0.000000 0.257149 0.000000 0.966372 1.000000 1.000000 1.000000
6633.000000 0.000000 2117.000000 0.000000 0.319667 0.000000 0.947530 1.000000 1.000000 1.000000
6731.000000 0.000000 2019.000000 0.000000 0.286691 0.000000 0.958023 1.000000 1.000000 1.000000
6832.000000 0.000000 1928.000000 0.000000 -0.299063 0.000000 0.954233 1.000000 1.000000 1.000000
7012.000000 0.000000 1825.000000 0.000000 -0.759741 0.000000 0.650226 1.000000 1.000000 1.000000
7097.000000 0.000000 1771.000000 0.000000 -0.428370 0.000000 0.903603 1.000000 1.000000 1.000000
7216.000000 0.000000 1684.000000 0.000000 -0.867812 0.000000 0.496893 1.000000 1.000000 1.000000
7320.000000 0.000000 1647.000000 0.000000 -0.964560 0.000000 0.263862 1.000000 1.000000 1.000000
7419.000000 0.000000 1582.000000 0.000000 -0.516785 0.000000 0.856115 1.000000 1.000000 1.000000
7633.000000 0.000000 1512.000000 0.000000 -0.951381 0.000000 0.308015 1.000000 1.000000 1.000000
7644.000000 0.000000 1598.000000 0.000000 0.360359 0.000000 0.932814 1.000000 1.000000 1.000000
7667.775391 0.000000 1685.029297 0.000000 0.575504 0.000000 0.817799 1.000000 1.000000 1.000000
7666.000000 0.000000 1830.000000 0.000000 -0.909403 0.000000 0.415917 1.000000 1.000000 1.000000
7612.000000 0.000000 1891.000000 0.000000 -0.930465 0.000000 0.366382 1.000000 1.000000 1.000000
8042.000000 0.000000 1619.000000 0.000000 0.000000 0.000000 1.000000 1.000000 1.000000 1.000000
7902.000000 0.000000 1772.000000 0.000000 -0.460245 0.000000 0.887792 1.000000 1.000000 1.000000
7869.698242 0.000000 1575.853271 0.000000 -0.587816 0.000000 0.808994 1.000000 1.000000 1.000000
7761.000000 0.000000 1742.000000 0.000000 -0.799054 0.000000 0.601259 1.000000 1.000000 1.000000
7562.000000 0.000000 2007.000000 0.000000 -0.500547 0.000000 0.865709 1.000000 1.000000 1.000000
7520.000000 0.000000 2077.000000 0.000000 -0.771558 0.000000 0.636159 1.000000 1.000000 1.000000
7417.170410 0.000000 2163.981445 0.000000 -0.705676 0.000000 -0.708535 1.000000 1.000000 1.000000
7405.000000 0.000000 2277.000000 0.000000 0.994058 0.000000 0.108849 1.000000 1.000000 1.000000
7464.000000 0.000000 2401.000000 0.000000 0.971931 0.000000 -0.235266 1.000000 1.000000 1.000000
7481.000000 0.000000 2665.000000 0.000000 0.862918 0.000000 0.505344 1.000000 1.000000 1.000000
7527.000000 0.000000 2892.000000 0.000000 0.934300 0.000000 -0.356488 1.000000 1.000000 1.000000
7504.000000 0.000000 3071.000000 0.000000 -0.231760 0.000000 0.972773 1.000000 1.000000 1.000000
4709.000000 0.000000 1710.000000 0.000000 0.179863 0.000000 0.983692 1.000000 1.000000 1.000000
4745.000000 0.000000 1730.000000 0.000000 -0.029842 0.000000 0.999555 1.000000 1.000000 1.000000
4991.000000 0.000000 1654.000000 0.000000 -0.355857 0.000000 0.934541 1.000000 1.000000 1.000000
5281.000000 0.000000 1790.000000 0.000000 -0.983212 0.000000 0.182469 1.000000 1.000000 1.000000
5105.000000 0.000000 1788.000000 0.000000 -0.935019 0.000000 0.354597 1.000000 1.000000 1.000000
5465.000000 0.000000 1799.000000 0.000000 -0.871608 0.000000 0.490205 1.000000 1.000000 1.000000
5540.000000 0.000000 1539.000000 0.000000 -0.941417 0.000000 0.337246 1.000000 1.000000 1.000000
7719.000000 0.000000 3349.000000 0.000000 0.932573 0.000000 0.360981 1.000000 1.000000 1.000000
7630.000000 0.000000 3326.000000 0.000000 0.987349 0.000000 0.158564 1.000000 1.000000 1.000000
7479.000000 0.000000 3319.000000 0.000000 -0.804271 0.000000 0.594262 1.000000 1.000000 1.000000
3980.000000 0.000000 727.000000 0.000000 0.952056 0.000000 0.305924 1.000000 1.000000 1.000000
4184.000000 0.000000 513.000000 0.000000 0.000000 0.000000 1.000000 1.000000 1.000000 1.000000
4609.000000 0.000000 323.000000 0.000000 0.955971 0.000000 0.293463 1.000000 1.000000 1.000000
4642.000000 0.000000 249.000000 0.000000 0.913917 0.000000 0.405901 1.000000 1.000000 1.000000
4792.000000 0.000000 211.000000 0.000000 0.966506 0.000000 0.256643 1.000000 1.000000 1.000000
5084.000000 0.000000 412.000000 0.000000 -0.846902 0.000000 0.531749 1.000000 1.000000 1.000000
5307.000000 0.000000 551.000000 0.000000 0.865520 0.000000 0.500874 1.000000 1.000000 1.000000
4890.000000 0.000000 282.000000 0.000000 -0.272943 0.000000 0.962030 1.000000 1.000000 1.000000
5360.000000 0.000000 426.000000 0.000000 0.000000 0.000000 1.000000 1.000000 1.000000 1.000000
5490.000000 0.000000 718.000000 0.000000 0.000000 0.000000 1.000000 1.000000 1.000000 1.000000
2189.000000 0.000000 3998.000000 0.000000 0.000000 0.000000 1.000000 1.000000 1.000000 1.000000
2164.000000 0.000000 3729.000000 0.000000 0.000000 0.000000 1.000000 1.000000 1.000000 1.000000
2528.000000 0.000000 2251.000000 0.000000 0.000000 0.000000 1.000000 1.000000 1.000000 1.000000
"}
