object={
	name="lakes"
	clamp_to_water_level=yes
	render_under_water=no
	generated_content=no
	layer="lake_layer"
	pdxmesh="lake_mesh"
	count=181
	transform="1942.071777 -0.851074 5122.000977 0.000000 0.211644 0.000000 0.977347 32.406982 32.406982 32.406982
1941.106689 0.000000 5086.458008 0.000000 0.141310 0.000000 0.989965 39.569489 39.569489 39.569489
1990.960205 0.594727 5049.413086 0.000000 0.363502 0.000000 0.931593 26.580976 26.580976 26.580976
1954.147095 0.677246 5036.750000 0.000000 0.000000 0.000000 1.000000 24.572411 24.572411 24.572411
1842.500366 0.360352 4988.416504 0.000000 -0.295348 0.000000 0.955390 34.262375 34.262375 34.262375
2120.322754 1.446289 5266.063477 0.000000 0.057342 0.000000 0.998355 17.842379 17.842379 17.842379
1929.953369 0.900879 4927.879883 0.000000 0.143409 0.000000 0.989663 47.434788 47.434788 47.434788
1874.241943 -0.797363 4851.969238 0.000000 0.396835 0.000000 0.917890 85.006081 85.006081 85.006081
1832.930786 0.941406 4879.785156 0.000000 0.474504 0.000000 0.880254 24.476830 24.476830 24.476830
1814.886230 0.772461 4918.214844 0.000000 0.197470 0.000000 0.980309 9.296679 9.296679 9.296679
1739.689209 0.162598 4805.987305 0.000000 -0.463764 0.000000 0.885959 30.745094 30.745094 30.745094
1778.003418 1.241211 4738.868164 0.000000 0.561533 0.000000 0.827454 12.292108 12.292108 12.292108
1784.766479 0.473633 4719.867676 0.000000 0.162560 0.000000 0.986699 19.661566 19.661566 19.661566
1856.135620 1.261719 4746.220215 0.000000 0.349017 0.000000 0.937117 31.174475 31.174475 31.174475
1841.856445 0.708008 4687.311523 0.000000 0.164186 0.000000 0.986430 35.687202 35.687202 35.687202
1722.734497 -0.049805 4685.513672 0.000000 -0.847790 0.000000 -0.530332 49.129097 49.129097 49.129097
1743.188477 0.592285 4658.471191 0.000000 0.207332 0.000000 0.978271 28.608810 28.608810 28.608810
1799.550049 0.833008 4621.735840 0.000000 0.391225 0.000000 0.920295 45.681358 45.681358 45.681358
1747.792236 0.891602 4607.293457 0.000000 0.451200 0.000000 0.892423 30.885773 30.885773 30.885773
1692.156616 1.274414 4569.114258 0.000000 0.449728 0.000000 0.893165 34.387993 34.387993 34.387993
1781.209717 -0.377441 4485.270020 0.000000 0.527456 0.000000 0.849583 71.642487 71.642487 71.642487
1632.469971 1.206543 4465.634766 0.000000 0.000000 0.000000 1.000000 19.855711 19.855711 19.855711
1642.721558 1.695313 4414.325684 0.000000 0.796755 0.000000 0.604303 26.710590 26.710590 26.710590
1721.583252 0.420898 4350.912598 0.000000 0.150564 0.000000 0.988600 19.215635 19.215635 19.215635
1489.213623 0.767578 4383.010254 0.000000 0.000000 0.000000 1.000000 31.151712 31.151712 31.151712
1643.358887 0.914063 4318.851562 0.000000 0.499556 0.000000 0.866281 11.732758 11.732758 11.732758
1657.460327 0.402832 4112.963867 0.000000 0.566925 0.000000 0.823770 43.030590 43.030590 43.030590
1613.014771 0.347168 4174.051758 0.000000 0.656893 0.000000 0.753984 17.264229 17.264229 17.264229
1375.140381 1.563721 2966.803955 0.000000 -0.334879 0.000000 0.942261 6.872825 6.872825 6.872825
1353.980591 1.250977 2951.371094 0.000000 -0.252058 0.000000 0.967712 21.802151 21.802151 21.802151
1331.824341 1.244873 2909.712402 0.000000 -0.186163 0.000000 0.982519 30.008045 30.008045 30.008045
1409.436768 1.144775 2931.295410 0.000000 0.181589 0.000000 0.983375 8.631787 8.631787 8.631787
1426.074097 1.023193 2935.498779 0.000000 -0.241367 0.000000 0.970434 8.557373 8.557373 8.557373
1472.574585 0.708496 2979.069580 0.000000 0.131394 0.000000 0.991330 12.549425 12.549425 12.549425
1458.296875 0.536621 2968.631592 0.000000 0.650403 0.000000 0.759589 6.103394 6.103394 6.103394
1457.658447 0.904297 2957.021729 0.000000 0.000000 0.000000 1.000000 13.377605 13.377605 13.377605
1510.812866 1.349121 3015.486816 0.000000 0.221000 0.000000 0.975274 29.074392 29.074392 29.074392
1633.661865 1.135498 3040.141602 0.000000 0.678966 0.000000 0.734170 8.902054 8.902054 8.902054
1702.792969 1.364746 3039.596680 0.000000 0.000000 0.000000 1.000000 9.496067 9.496067 9.496067
1770.688599 0.902100 3040.802979 0.000000 0.809409 0.000000 0.587245 10.844404 10.844404 10.844404
1504.945312 0.919434 2866.803223 0.000000 0.928840 0.000000 0.370482 20.657370 20.657370 20.657370
1468.915894 0.529785 2865.738525 0.000000 0.875661 0.000000 0.482926 27.457609 27.457609 27.457609
2035.979126 0.257568 2962.124268 0.000000 -0.216741 0.000000 0.976229 34.830521 34.830521 34.830521
1690.757568 0.445557 2610.150635 0.000000 0.000000 0.000000 1.000000 13.690437 13.690437 13.690437
1679.895142 0.753174 2561.741943 0.000000 0.524276 0.000000 0.851548 11.371670 11.371670 11.371670
1701.026733 0.316406 2519.837402 0.000000 0.517033 0.000000 0.855966 11.185394 11.185394 11.185394
1789.385620 1.416016 2511.579346 0.000000 0.000000 0.000000 1.000000 10.384312 10.384312 10.384312
2275.027100 1.965332 2456.621338 0.000000 0.625031 0.000000 0.780600 16.594790 16.594790 16.594790
2298.158691 1.506836 2447.430420 0.000000 0.619369 0.000000 0.785100 16.893839 16.893839 16.893839
2300.448486 0.883789 2337.843994 0.000000 0.000000 0.000000 1.000000 6.980005 6.980005 6.980005
2478.249512 0.503418 2246.947021 0.000000 0.366017 0.000000 0.930608 7.267893 7.267893 7.267893
2934.931396 1.886475 2242.814453 0.000000 0.000000 0.000000 1.000000 8.072252 8.072252 8.072252
2938.371582 1.938477 2305.951904 0.000000 0.000000 0.000000 1.000000 8.715918 8.715918 8.715918
2941.869385 1.885498 2269.386475 0.000000 -0.304533 0.000000 0.952502 11.821443 11.821443 11.821443
2964.354980 1.729736 2265.334961 0.000000 -0.409193 0.000000 0.912448 21.422451 21.422451 21.422451
3008.662354 2.233398 2299.853271 0.000000 0.669919 0.000000 0.742434 24.791849 24.791849 24.791849
3055.468750 1.867676 2290.181885 0.000000 0.351832 0.000000 0.936063 24.920673 24.920673 24.920673
3165.075195 1.744629 2398.017334 0.000000 0.503635 0.000000 0.863916 45.334297 45.334297 45.334297
3800.516602 0.091309 2761.474365 0.000000 0.678372 0.000000 0.734719 10.803416 10.803416 10.803416
3814.867432 2.143555 2582.871338 0.000000 -0.509450 0.000000 0.860500 61.348499 61.348499 61.348499
4000.902588 2.008301 2549.631104 0.000000 0.437119 0.000000 0.899404 62.586170 62.586170 62.586170
3950.608643 1.412842 2673.024658 0.000000 0.259124 0.000000 0.965844 9.467254 9.467254 9.467254
3927.060303 3.052246 2762.397705 0.000000 0.971780 0.000000 -0.235889 31.734858 31.734858 31.734858
3895.644043 3.180176 2778.787598 0.000000 0.122070 0.000000 0.992521 14.485967 14.485967 14.485967
4276.140137 0.704590 4062.106934 0.000000 0.000000 0.000000 1.000000 28.084568 28.084568 28.084568
4870.103516 -0.125977 4257.693359 0.000000 0.778232 0.000000 0.627977 89.441559 89.441559 89.441559
4691.371094 1.094238 4436.741699 0.000000 0.000000 0.000000 1.000000 9.833260 9.833260 9.833260
5417.012207 1.162109 4219.101074 0.000000 -0.334836 0.000000 0.942277 304.000641 304.000641 304.000641
5656.075684 1.139160 4401.910645 0.000000 -0.272628 0.000000 0.962120 33.970085 33.970085 33.970085
6199.864746 4.302246 5530.702148 0.000000 0.500283 0.000000 0.865862 59.349335 59.349335 59.349335
6132.233398 1.473633 5503.669434 0.000000 0.465115 0.000000 0.885250 24.644093 24.644093 24.644093
6398.526367 1.342773 5816.977539 0.000000 0.644740 0.000000 0.764402 14.544199 14.544199 14.544199
6280.616699 -1.058105 5983.973633 0.000000 0.591710 0.000000 0.806151 267.309418 267.309418 267.309418
6455.750977 1.495117 6136.324707 0.000000 0.828373 0.000000 0.560178 17.384775 17.384775 17.384775
6446.683105 0.000000 6168.555664 0.000000 0.664943 0.000000 0.746894 12.206172 12.206172 12.206172
6528.954102 1.749512 6175.378906 0.000000 0.562908 0.000000 0.826519 30.414959 30.414959 30.414959
6931.154297 1.903809 6253.653320 0.000000 0.621020 0.000000 0.783794 54.957375 54.957375 54.957375
6189.826660 1.120117 6292.166504 0.000000 0.648000 0.000000 0.761640 5.668152 5.668152 5.668152
6295.432617 1.991699 6339.692871 0.000000 0.748276 0.000000 0.663388 62.835407 62.835407 62.835407
6249.044922 0.912598 6288.191406 0.000000 0.000000 0.000000 1.000000 7.751398 7.751398 7.751398
7906.947754 2.571289 4157.343750 0.000000 0.376586 0.000000 0.926382 15.769670 15.769670 15.769670
7936.865234 2.309326 4083.759033 0.000000 0.067210 0.000000 0.997739 24.167725 24.167725 24.167725
8163.672363 1.859375 4186.995605 0.000000 0.498168 0.000000 0.867081 29.232788 29.232788 29.232788
8140.794922 2.507324 4212.551270 0.000000 0.441943 0.000000 0.897043 14.779138 14.779138 14.779138
8129.707031 2.852051 4188.549805 0.000000 0.482315 0.000000 0.875998 24.953320 24.953320 24.953320
7646.426758 1.638184 5408.803223 0.000000 0.567943 0.000000 0.823068 22.177855 22.177855 22.177855
7421.020996 1.324219 5652.535156 0.000000 0.902110 0.000000 0.431507 13.762680 13.762680 13.762680
7419.621094 1.585938 5606.083984 0.000000 0.000000 0.000000 1.000000 17.062256 17.062256 17.062256
7376.659180 1.226563 5503.952637 0.000000 0.536809 0.000000 0.843704 15.908631 15.908631 15.908631
7625.083984 0.361328 6562.393555 0.000000 0.000000 0.000000 1.000000 17.707966 17.707966 17.707966
7026.804688 1.905762 6220.216309 0.000000 0.538867 0.000000 0.842391 75.043114 75.043114 75.043114
7349.500977 1.472168 5954.976562 0.000000 0.707971 0.000000 0.706241 18.668808 18.668808 18.668808
7206.522949 1.285156 6100.997070 0.000000 0.837091 0.000000 0.547064 20.831699 20.831699 20.831699
7181.738770 2.057617 5277.879883 0.000000 -0.522833 0.000000 0.852435 26.864805 26.864805 26.864805
7172.795410 1.577148 5017.445312 0.000000 -0.431731 0.000000 0.902002 50.252533 50.252533 50.252533
6772.957520 1.954590 4750.582520 0.000000 -0.456231 0.000000 0.889861 51.834473 51.834473 51.834473
6477.356445 1.421875 4410.330078 0.000000 0.245511 0.000000 0.969394 46.905552 46.905552 46.905552
7173.437500 1.786621 4703.892578 0.000000 -0.266868 0.000000 0.963733 49.818874 49.818874 49.818874
7154.790039 1.846191 4718.092773 0.000000 -0.325156 0.000000 0.945660 19.591240 19.591240 19.591240
5702.234863 2.619141 3960.457031 0.000000 -0.505664 0.000000 0.862731 77.144081 77.144081 77.144081
7183.871582 -0.438965 4443.184082 0.000000 -0.476745 0.000000 0.879042 41.400269 41.400269 41.400269
6934.639160 1.622070 4443.656738 0.000000 0.000000 0.000000 1.000000 19.562487 19.562487 19.562487
6654.040039 1.675293 4288.916016 0.000000 0.000000 0.000000 1.000000 23.006775 23.006775 23.006775
6614.600098 2.233398 4182.617188 0.000000 -0.386178 0.000000 0.922424 28.514444 28.514444 28.514444
6259.567871 0.000000 3419.179932 0.000000 0.000000 0.000000 1.000000 27.585384 27.585384 27.585384
6244.133789 2.841797 3572.071289 0.000000 0.000000 0.000000 1.000000 18.391251 18.391251 18.391251
6321.829102 2.329834 3617.136475 0.000000 -0.467707 0.000000 0.883884 14.938811 14.938811 14.938811
6439.914062 2.495850 3619.215820 0.000000 0.000000 0.000000 1.000000 20.469170 20.469170 20.469170
6411.347656 2.650635 3573.928955 0.000000 0.000000 0.000000 1.000000 32.535507 32.535507 32.535507
6583.023438 -0.295654 3335.223145 0.000000 -0.238760 0.000000 0.971079 28.496531 28.496531 28.496531
6197.635254 1.105957 3173.296875 0.000000 0.000000 0.000000 1.000000 22.684574 22.684574 22.684574
5990.885254 1.107422 3155.742432 0.000000 0.000000 0.000000 1.000000 19.801514 19.801514 19.801514
5985.429688 0.539063 3277.479492 0.000000 0.666127 0.000000 0.745838 12.674824 12.674824 12.674824
6654.483887 -2.701904 3477.978271 0.000000 0.000000 0.000000 1.000000 35.423916 35.423916 35.423916
6715.489258 -1.074951 3508.827637 0.000000 0.181484 0.000000 0.983394 42.640202 42.640202 42.640202
6702.187988 2.732910 3458.912598 0.000000 0.633946 0.000000 0.773377 15.489093 15.489093 15.489093
6757.834473 2.938232 3453.793457 0.000000 0.313704 0.000000 0.949521 11.407521 11.407521 11.407521
6812.138184 2.743164 3477.247803 0.000000 0.212598 0.000000 0.977140 16.495205 16.495205 16.495205
6817.612305 1.985596 3566.965088 0.000000 -0.164170 0.000000 0.986432 34.523811 34.523811 34.523811
6885.636719 1.629883 3502.734131 0.000000 0.384714 0.000000 0.923036 14.923048 14.923048 14.923048
6900.292969 1.994873 3563.414551 0.000000 0.480603 0.000000 0.876938 12.202680 12.202680 12.202680
6870.247559 1.432861 3580.190430 0.000000 0.000000 0.000000 1.000000 13.676351 13.676351 13.676351
6864.469727 0.355225 3625.790039 0.000000 0.599066 0.000000 0.800700 37.055386 37.055386 37.055386
6894.599121 1.404297 3648.840332 0.000000 0.862918 0.000000 0.505344 22.709839 22.709839 22.709839
6864.161133 2.107178 3725.680420 0.000000 0.000000 0.000000 1.000000 20.552715 20.552715 20.552715
6952.889648 2.519287 3722.315674 0.000000 0.000000 0.000000 1.000000 32.542297 32.542297 32.542297
6904.546875 0.138916 3749.174316 0.000000 -0.463926 0.000000 0.885874 32.507385 32.507385 32.507385
6947.838867 2.175537 3797.219727 0.000000 0.757992 0.000000 0.652264 111.612686 111.612686 111.612686
7105.447266 2.727051 3812.520508 0.000000 -0.576552 0.000000 0.817061 52.998825 52.998825 52.998825
7069.129395 2.777344 3849.753906 0.000000 0.448938 0.000000 0.893563 23.365667 23.365667 23.365667
7032.176270 2.336670 3914.785645 0.000000 0.000000 0.000000 1.000000 18.275982 18.275982 18.275982
7069.470703 1.812012 3944.836182 0.000000 0.454057 0.000000 0.890973 14.372340 14.372340 14.372340
7227.939941 2.248535 3670.016357 0.000000 -0.188202 0.000000 0.982130 15.408991 15.408991 15.408991
7225.041992 0.000000 3712.180420 0.000000 0.000000 0.000000 1.000000 23.169794 23.169794 23.169794
7236.145508 0.349365 3724.707275 0.000000 0.000000 0.000000 1.000000 13.931700 13.931700 13.931700
7221.118164 -0.538818 3694.405273 0.000000 0.000000 0.000000 1.000000 13.954493 13.954493 13.954493
6907.961914 2.731445 3956.143311 0.000000 -0.562303 0.000000 0.826931 48.002113 48.002113 48.002113
6936.260254 2.441162 4044.894287 0.000000 0.667764 0.000000 0.744373 10.188302 10.188302 10.188302
6685.217773 1.333984 3887.644287 0.000000 -0.348945 0.000000 0.937143 10.409981 10.409981 10.409981
6782.466309 2.099365 3973.729736 0.000000 -0.406016 0.000000 0.913866 24.031738 24.031738 24.031738
6845.197754 -0.848877 4064.237061 0.000000 -0.478675 0.000000 0.877992 40.094688 40.094688 40.094688
6811.474121 1.830322 4084.726318 0.000000 -0.548396 0.000000 0.836219 26.018425 26.018425 26.018425
6748.480957 2.042236 4034.293457 0.000000 0.000000 0.000000 1.000000 19.182314 19.182314 19.182314
6693.655762 2.322266 4107.051758 0.000000 -0.107683 0.000000 0.994185 19.696127 19.696127 19.696127
6593.336914 1.825195 4105.093262 0.000000 0.000000 0.000000 1.000000 24.811188 24.811188 24.811188
6768.903809 2.305664 4109.415039 0.000000 -0.490209 0.000000 0.871605 15.912837 15.912837 15.912837
6899.651367 2.341309 4177.260254 0.000000 -0.330000 0.000000 0.943981 16.327652 16.327652 16.327652
6825.305176 1.981445 4146.871094 0.000000 -0.335641 0.000000 0.941990 36.737720 36.737720 36.737720
6867.182129 2.363281 4185.329590 0.000000 -0.439204 0.000000 0.898388 19.923765 19.923765 19.923765
6901.788086 2.538574 4247.566406 0.000000 0.000000 0.000000 1.000000 28.518660 28.518660 28.518660
6221.758301 2.101563 4349.943359 0.000000 -0.399648 0.000000 0.916669 38.028175 38.028175 38.028175
6867.718262 -0.292969 5063.779785 0.000000 0.000000 0.000000 1.000000 105.811226 105.811226 105.811226
3371.863281 1.016846 2602.184082 0.000000 0.125523 0.000000 0.992091 5.404468 5.404468 5.404468
9532.957031 -2.478516 2588.006592 0.000000 -0.096529 0.000000 0.995330 46.680744 46.680744 46.680744
5946.255859 2.404785 5143.456543 0.000000 0.752713 0.000000 0.658349 66.711555 66.711555 66.711555
6269.777832 2.291504 5362.142578 0.000000 0.000000 0.000000 1.000000 18.993757 18.993757 18.993757
6231.074707 2.744141 5256.843262 0.000000 -0.498274 0.000000 0.867020 15.976920 15.976920 15.976920
5886.007812 2.077637 5061.375488 0.000000 0.000000 0.000000 1.000000 17.386778 17.386778 17.386778
5808.632812 2.664063 5028.656738 0.000000 0.000000 0.000000 1.000000 9.541222 9.541222 9.541222
5653.705078 1.562988 5017.895508 0.000000 0.237100 0.000000 0.971485 24.845730 24.845730 24.845730
5909.076660 1.891602 4998.192383 0.000000 0.000000 0.000000 1.000000 27.412090 27.412090 27.412090
6051.048340 3.106934 5096.991211 0.000000 0.000000 0.000000 1.000000 54.459766 54.459766 54.459766
6133.185059 -0.124023 5018.310547 0.000000 0.282362 0.000000 0.959308 43.827595 43.827595 43.827595
6078.596680 1.667480 4989.247070 0.000000 0.716198 0.000000 0.697897 62.576256 62.576256 62.576256
5884.258789 2.600098 4852.420898 0.000000 -0.349288 0.000000 0.937015 12.835937 12.835937 12.835937
5748.262207 3.119141 4748.138672 0.000000 -0.374323 0.000000 0.927298 21.743710 21.743710 21.743710
5321.936523 0.582031 4836.862305 0.000000 -0.656789 0.000000 0.754074 17.442171 17.442171 17.442171
5464.067871 0.749023 5365.580566 0.000000 0.000000 0.000000 1.000000 11.595425 11.595425 11.595425
2762.182861 0.772217 4056.857422 0.000000 0.000000 0.000000 1.000000 25.886612 25.886612 25.886612
2605.719727 0.841309 3269.042969 0.000000 -0.402499 0.000000 0.915420 14.179457 14.179457 14.179457
2312.731689 0.463867 3688.230713 0.000000 0.335066 0.000000 0.942195 5.926465 5.926465 5.926465
2283.053711 0.369873 3657.107666 0.000000 0.832555 0.000000 0.553943 7.994781 7.994781 7.994781
2209.023193 0.338623 3623.625488 0.000000 0.310834 0.000000 0.950464 24.892332 24.892332 24.892332
2093.188721 0.374756 3606.685059 0.000000 0.791804 0.000000 0.610775 13.228835 13.228835 13.228835
1729.061523 -0.094238 3461.530518 0.000000 0.957897 0.000000 0.287111 14.895106 14.895106 14.895106
4069.495117 4.736618 125.233208 0.000000 0.653700 0.000000 0.756754 60.189312 60.189312 60.189312
7192.387695 1.625000 5596.562500 0.000000 0.000000 0.000000 1.000000 17.273703 17.273703 17.273703
7625.401367 0.786621 6562.070312 0.000000 0.000000 0.000000 1.000000 19.635855 19.635855 19.635855
3299.092773 1.209717 2401.642334 0.000000 0.674033 0.000000 0.738701 26.388615 26.388615 26.388615
3168.547607 -0.070068 2295.380127 0.000000 -0.434234 0.000000 0.900800 13.088797 13.088797 13.088797
3030.514893 0.577637 2355.136719 0.000000 0.231938 0.000000 0.972731 28.462116 28.462116 28.462116
"}
