object={
	name="volcanoes"
	clamp_to_water_level=no
	render_under_water=yes
	generated_content=no
	layer="monument_layer"
	pdxmesh="volcanic_caldera_01_mesh"
	count=11
	transform="3867.603760 0.000000 2694.254395 -0.000000 -0.572855 -0.000000 0.819656 1.000000 1.000000 1.000000
3784.852539 0.000000 2949.468018 -0.000000 0.198113 -0.000000 0.980179 1.000000 1.000000 1.000000
3993.686523 0.000000 2729.222656 -0.000000 -0.459379 -0.000000 0.888241 1.000000 1.000000 1.000000
3949.107910 0.000000 2749.582275 -0.000000 -0.241655 -0.000000 -0.970362 1.000000 1.000000 1.000000
3835.533936 0.000000 2758.391602 -0.000000 -0.704016 -0.000000 0.710184 1.000000 1.000000 1.000000
3645.255127 -1.477051 2961.844971 -0.000000 -0.000000 -0.000000 1.000000 1.000000 1.000000 1.000000
3310.756836 0.000000 2417.607666 -0.000000 0.242019 -0.000000 0.970272 1.000000 1.000000 1.000000
3234.082520 0.000000 2360.571045 -0.000000 0.163930 -0.000000 0.986472 1.000000 1.000000 1.000000
2493.637939 0.000000 2176.264160 -0.000000 0.629333 -0.000000 0.777136 0.332980 0.332980 0.332980
1852.068970 0.000000 2408.461426 -0.000000 0.244209 -0.000000 0.969723 1.000000 1.000000 1.000000
1903.700928 0.000000 2136.757324 -0.000000 -0.866916 -0.000000 0.498455 1.000000 1.000000 1.000000
"}
